% UPD generated using upd_EWL
 E01           0.687     0.000   14
 E02           0.694     0.002   14
 E03           0.684     0.002   14
 E04           0.686     0.002   14
 E05           0.681     0.002   13
 E07           0.679     0.002   14
 E08           0.695     0.002   14
 E09           0.686     0.002   13
 E11           0.692     0.002   14
 E12           0.682     0.002   14
 E13           0.684     0.002   14
 E14           0.691     0.002    9
 E15           0.678     0.002   14
 E18           0.692     0.002    9
 E19           0.696     0.002   12
 E21           0.683     0.002   13
 E24           0.623     0.002   13
 E25           0.682     0.002   14
 E26           0.676     0.002   13
 E27           0.683     0.002   14
 E30           0.684     0.002   12
 E31           0.677     0.002   13
 E33           0.687     0.002   12
 E36           0.674     0.002   13
EOF
