% UPD generated using upd_EWL
 G01           0.256     0.000   17
xG02           0.000 10000.000    0
 G03           0.629     0.018   17
xG05           0.000 10000.000    0
 G06           0.014     0.018   17
xG07           0.000 10000.000    0
 G08          -0.173     0.019   14
 G09          -0.037     0.020   12
 G10          -0.013     0.018   17
xG11           0.000 10000.000    0
xG12           0.000 10000.000    0
xG13           0.000 10000.000    0
xG14           0.000 10000.000    0
xG15           0.000 10000.000    0
xG16           0.000 10000.000    0
xG17           0.000 10000.000    0
xG18           0.000 10000.000    0
xG19           0.000 10000.000    0
xG20           0.000 10000.000    0
xG21           0.000 10000.000    0
xG22           0.000 10000.000    0
xG23           0.000 10000.000    0
 G24           0.840     0.018   17
 G25           0.064     0.018   17
 G26           0.179     0.018   17
 G27          -0.268     0.020   12
xG28           0.000 10000.000    0
xG29           0.000 10000.000    0
 G30           0.093     0.019   15
xG31           0.000 10000.000    0
 G32           0.829     0.018   17
EOF
