% UPD generated using upd_WL
 E01           0.047     0.017   16
 E02           0.627     0.000   17
 E03           0.745     0.016   17
 E04           0.357     0.017   16
 E05           0.488     0.017   16
 E07           0.745     0.016   17
 E08           0.457     0.016   17
 E09           0.396     0.017   16
 E11           0.236     0.016   17
 E12           0.692     0.016   17
 E13          -0.367     0.016   17
 E14          -0.030     0.019   10
 E15          -0.422     0.016   17
 E18           0.535     0.019   10
 E19           0.433     0.017   14
 E21           0.201     0.017   15
 E24           0.443     0.017   16
 E25           0.602     0.016   17
 E26           0.740     0.017   15
 E27          -0.403     0.016   17
 E30           0.029     0.017   15
 E31           0.215     0.017   16
 E33           0.176     0.017   14
 E36           0.786     0.017   16
EOF
