% UPD generated using upd_WL
 G01           0.861     0.000   18
 G02           0.413     0.023   18
 G03           0.773     0.024   16
 G05           0.628     0.023   18
 G06           0.099     0.023   18
 G07           0.110     0.023   17
 G08           0.259     0.023   17
 G09           0.612     0.023   17
 G10           0.017     0.023   18
 G11          -0.019     0.023   18
 G12           0.048     0.023   18
 G13          -0.013     0.023   18
 G14           0.817     0.023   18
 G15          -0.382     0.023   18
 G16           0.479     0.023   18
 G17           0.295     0.023   18
 G18          -0.008     0.027   11
 G19           0.347     0.023   18
 G20           0.833     0.023   18
 G21           0.476     0.023   18
 G22          -0.054     0.023   18
 G23          -0.052     0.023   17
 G24          -0.016     0.023   18
 G25           0.650     0.023   17
 G26           0.136     0.023   18
 G27           0.804     0.023   18
 G28           0.673     0.023   18
 G29           0.633     0.023   18
 G30          -0.064     0.023   18
 G31           0.359     0.023   18
 G32           0.686     0.023   18
EOF
