% UPD generated using upd_WL
 R01           0.294     0.044   14
 R02           0.273     0.044   14
 R03           0.272     0.043   16
xR04           0.000 10000.000    0
 R05           0.528     0.000   18
xR06           0.000 10000.000    0
 R07           0.867     0.044   14
 R08          -0.051     0.045   13
 R09           0.265     0.043   16
xR10           0.000 10000.000    0
 R11           0.578     0.041   18
 R12          -0.023     0.045   13
 R13           0.332     0.042   17
 R14           0.021     0.048   11
 R15           0.329     0.042   17
 R16           0.554     0.042   17
 R17          -0.381     0.048   11
 R18           0.266     0.043   16
 R19           0.537     0.045   13
 R20           0.172     0.043   16
 R21           0.085     0.049   10
 R22           0.664     0.044   14
 R23           0.462     0.045   13
EOF
